477.000000000000000 645.000000000000000 1.000000000000000
477.000000000000000 1028.000000000000000 0.000000000000000
446.000000000000000 868.000000000000000 1.000000000000000
376.000000000000000 1028.000000000000000 0.000000000000000
310.000000000000000 692.000000000000000 1.000000000000000
310.000000000000000 661.000000000000000 1.000000000000000
376.000000000000000 1029.000000000000000 0.000000000000000
446.000000000000000 869.000000000000000 1.000000000000000
477.000000000000000 1029.000000000000000 0.000000000000000
477.000000000000000 646.000000000000000 1.000000000000000
335.000000000000000 213.000000000000000 0.000000000000000
331.000000000000000 613.000000000000000 0.000000000000000
334.000000000000000 277.000000000000000 0.000000000000000
484.000000000000000 549.000000000000000 0.000000000000000
484.000000000000000 421.000000000000000 0.000000000000000
483.000000000000000 405.000000000000000 0.000000000000000
484.000000000000000 550.000000000000000 0.000000000000000
484.000000000000000 422.000000000000000 0.000000000000000
483.000000000000000 406.000000000000000 0.000000000000000
